0553583182
0789733080
9780312152130
9780748725144
9780789444448
9781725153998
9783642310201
9780822492207
9781582701707
9780007162918
9780435028213
0070323720
9780446575966
0140422110
9780736639842
0471362794
9781101084571
9789944184939
9783642372568
9782070325368
9780102734959
0452270839
9781402169007
0684717638
9781593632250
9788479535667
0405050887
9789753204767
9780894711350
9780061127922
9780785788546
9783642334085
9789813298071
9781440615320
9780543895905
9780465011230
0754099342
9780951830154
9780120121496
9780060791247
9781406509199
9783775716031
9780078296338
9780755100248
9781440650413
9782413019756
9781604598919
9781095033852
9780853316046
9781101096451
9780060537241
080701575X
9781865084329
1557095051
9780801850554
9781863170819
0789732106
0814711138
9780380002931
9780066214122
9781499181890
0714538531
9780684867489
9786052492840
9780102494969
9783642165849
9780750686525
0006132804
9780104790960
9780345472373
9781508524359
9781419180316
9783642335068
9781101099421
9781741145519
0754099741
0439295025
0486224643
0789731738
0316177911
9780066214139
9781857151565
9781984916129
1594480087
9781440618710
9780861636594
9780435037000
9781423652113
8820216809
0887348157
9780140621310
0160408504
9780393001556
9781138043596
9780739487891
9780470052358
0471413879
0786265612
9788772475080
9781581735871
